4020,
4020,
4027,
7024,
7046,
9014,
22060,
23030,
23030,
25050,
25050,
30100,
30121,
30122,
30123,
30124,
30125,
30126,
30132,
30133,
30135,
30141,
30142,
57030,
57030,
57030,
57030,
57031,
57032,
57033,
57034,
57034,
57034,
57034,
57034,
57034,
57034,
57034,
57036,
57037,
57037,
57037,
57037,
57038,
57038,
57039,
58012,
58012,
58012,
58012,
58019,
71040,
71040,
71040,
80070,
80070,
80070,
80070,
80070,
80070,
80070,
80071,
80073,
80073,
80074,
80075,
80075,
80075,
80076,
80077,
80077,
80077,
80077,
80077,
80077,
80079,
90010,
91010,
91017,
91017,
91017,
91023,
91023,
92010,
92010,
92010,
98050,
98050,
98050,
98050,
98050,
98050,
98050,
98050,
98050,
98055,
98055,